function mpc = KPG193_ver1_2

mpc.version = '2';

%-----  Power Flow Data  -----%%
% system MVA base
mpc.baseMVA = 100;
    
% bus data
%	bus_i	type	Pd	Qd	Gs	Bs	area	Vm	Va	baseKV	zone	Vmax	Vmin
mpc.bus = [
	1	2	352.550831	36.13326117	0	0	6	1.1	11.63376182	345	1	1.1	0.9;
	2	2	316.9988226	32.03945279	0	0	6	1.099492678	1.997501332	154	1	1.1	0.9;
	3	1	245.4528709	40.96753811	0	0	6	1.096033101	7.107043847	345	1	1.1	0.9;
	4	1	220.264339	24.17854607	0	0	6	1.096170123	7.032357578	345	1	1.1	0.9;
	5	2	-436.401146	15.44922261	0	0	6	1.1	15.14490259	154	1	1.1	0.9;
	6	1	-18.32275461	3.535921976	0	0	6	1.092616966	6.523386649	154	1	1.1	0.9;
	7	2	52.22398801	5.582642303	0	0	6	1.1	14.18257493	345	1	1.1	0.9;
	8	2	171.8254309	19.58270797	0	0	6	1.098378314	5.304061287	154	1	1.1	0.9;
	9	1	423.5476272	44.38772022	0	0	6	1.082527809	-0.601685677	154	1	1.1	0.9;
	10	1	56.63426801	5.809010735	0	0	6	1.091755017	8.873313786	154	1	1.1	0.9;
	11	1	96.72228404	10.76344019	0	0	6	1.096021499	5.449909702	154	1	1.1	0.9;
	12	1	60.10005287	8.540729071	0	0	4	1.097874565	0.940849306	154	1	1.1	0.9;
	13	1	-19.35243233	5.196214548	0	0	6	1.1	5.954197522	765	1	1.1	0.9;
	14	1	63.24254016	10.74299496	0	0	6	1.088045115	4.104543133	154	1	1.1	0.9;
	15	1	110.7055336	12.61521376	0	0	6	1.089569198	2.550830233	154	1	1.1	0.9;
	16	1	-63.16684305	4.462870552	0	0	6	1.096783792	2.908388633	154	1	1.1	0.9;
	17	1	99.81476407	11.65056469	0	0	6	1.084413938	0.938919176	154	1	1.1	0.9;
	18	1	799.2024156	80.15461276	0	0	5	1.091982747	-2.863079969	154	1	1.1	0.9;
	19	1	210.6267659	21.18962598	0	0	2	1.093438714	-2.869806492	345	1	1.1	0.9;
	20	1	471.3937062	47.68660988	0	0	5	1.09069392	-2.781198657	154	1	1.1	0.9;
	21	1	1419.099955	142.4423266	0	0	5	1.090655037	-2.959499288	154	1	1.1	0.9;
	22	1	246.0889825	24.7299606	0	0	5	1.094584034	-2.062235133	345	1	1.1	0.9;
	23	1	451.4797398	45.2793401	0	0	5	1.091484122	-3.013276223	154	1	1.1	0.9;
	24	2	512.8012857	51.48853131	0	0	5	1.099009778	1.690087461	154	1	1.1	0.9;
	25	2	957.9045079	96.03856314	0	0	2	1.092138966	-3.000694401	154	1	1.1	0.9;
	26	2	1384.066862	139.4576905	0	0	5	1.096435206	-0.804604309	345	1	1.1	0.9;
	27	1	605.2699194	61.22889173	0	0	5	1.096509926	-1.220435837	765	1	1.1	0.9;
	28	2	916.915422	92.00089642	0	0	5	1.093930658	-2.127465603	154	1	1.1	0.9;
	29	1	247.1116476	25.19831637	0	0	5	1.089097951	-1.654285501	154	1	1.1	0.9;
	30	2	250.6159786	25.16632473	0	0	5	1.098183463	0.154546373	154	1	1.1	0.9;
	31	1	1524.259263	153.7856153	0	0	5	1.077654387	-5.122864179	154	1	1.1	0.9;
	32	1	2447.946988	245.298345	0	0	5	1.086235072	-1.401061502	154	1	1.1	0.9;
	33	2	276.1639031	33.11847197	0	0	4	1.094017771	-2.725451766	154	1	1.1	0.9;
	34	1	3555.324509	360.7844974	0	0	5	1.092048279	-1.180496258	154	1	1.1	0.9;
	35	1	-146.6661767	12.39954598	0	0	4	1.098802243	0.177854693	154	1	1.1	0.9;
	36	2	703.2959788	71.18648273	0	0	4	1.093335355	-2.697905379	345	1	1.1	0.9;
	37	2	897.5840086	90.38020729	0	0	4	1.094969317	-2.582175858	154	1	1.1	0.9;
	38	1	140.1324315	14.04552505	0	0	4	1.093945717	-2.773806298	154	1	1.1	0.9;
	39	1	601.9895907	60.50867533	0	0	4	1.094265049	-2.741373716	345	1	1.1	0.9;
	40	2	108.0675095	10.98065239	0	0	4	1.09902888	0.228108512	154	1	1.1	0.9;
	41	1	161.0601776	16.72358385	0	0	4	1.1	-0.202909811	765	1	1.1	0.9;
	42	1	77.86682554	10.32257149	0	0	4	1.098479099	0.498727043	154	1	1.1	0.9;
	43	2	1610.245306	162.4950267	0	0	4	1.09617458	-2.464134225	345	1	1.1	0.9;
	44	2	452.7959176	47.34332488	0	0	4	1.098464588	0.70219747	154	1	1.1	0.9;
	45	1	330.4566442	33.67372918	0	0	14	0.996736499	-3.68207754	154	1	1.1	0.9;
	46	1	43.40818003	8.176879324	0	0	14	1.051741847	-2.77952699	154	1	1.1	0.9;
	47	1	813.3927779	82.8393089	0	0	14	1.024159269	-2.536577416	154	1	1.1	0.9;
	48	1	117.2548679	13.4835018	0	0	14	1.003271989	-2.379067046	154	1	1.1	0.9;
	49	2	33.23442679	4.797808314	0	0	14	1.069828248	3.896010104	154	1	1.1	0.9;
	50	1	635.3495923	64.78890856	0	0	14	1.025074725	-1.902736312	154	1	1.1	0.9;
	51	1	-115.9108174	22.1972891	0	0	13	1.041225973	-2.536418559	154	1	1.1	0.9;
	52	3	211.809069	24.19455109	0	0	14	1	0	345	1	1.1	0.9;
	53	1	-329.651327	6.213842876	0	0	14	1.052446061	0.877800312	154	1	1.1	0.9;
	54	1	35.39323404	6.800374662	0	0	14	1.047754108	-1.340636393	345	1	1.1	0.9;
	55	1	440.4884174	46.74582584	0	0	14	1.050740595	0.338608121	154	1	1.1	0.9;
	56	1	339.4938426	34.60933756	0	0	14	1.019078111	-2.176631087	345	1	1.1	0.9;
	57	1	158.7777734	17.9247688	0	0	14	1.048296466	-2.806391014	765	1	1.1	0.9;
	58	1	160.1849132	16.82023905	0	0	14	0.999082972	-2.495469109	154	1	1.1	0.9;
	59	1	32.28227328	7.386593886	0	0	14	1.067550132	2.554403283	154	1	1.1	0.9;
	60	1	475.5835847	49.31208856	0	0	14	1.030417515	-2.323153115	154	1	1.1	0.9;
	61	1	36.32531003	5.051507535	0	0	14	1.050388363	-2.261769012	154	1	1.1	0.9;
	62	1	-37.91887618	7.232877733	0	0	14	1.054264433	-2.898810354	154	1	1.1	0.9;
	63	1	72.14367202	20.78621876	0	0	12	1.088117214	3.125859817	154	1	1.1	0.9;
	64	1	1601.523526	164.8328802	0	0	12	1.045931638	-5.329888134	154	1	1.1	0.9;
	65	1	21.30709429	5.677183115	0	0	12	1.046734201	-5.22529593	154	1	1.1	0.9;
	66	1	92.07951901	10.37905328	0	0	12	1.077656608	-0.106684724	154	1	1.1	0.9;
	67	1	286.2382275	30.54430327	0	0	12	1.08924923	3.80774468	154	1	1.1	0.9;
	68	1	93.03508782	13.76859512	0	0	12	1.071247187	-1.913472086	154	1	1.1	0.9;
	69	1	0.779762716	1.924085707	0	0	12	1.083166198	3.599715574	154	1	1.1	0.9;
	70	1	270.7549221	29.91110782	0	0	12	1.086572936	2.463868459	345	1	1.1	0.9;
	71	1	-377.4576836	6.842791164	0	0	12	1.088305084	3.088097519	154	1	1.1	0.9;
	72	2	93.29822504	12.33222564	0	0	12	1.096767782	7.418252987	765	1	1.1	0.9;
	73	1	33.40517806	7.820806855	0	0	12	1.047595911	-5.033407809	154	1	1.1	0.9;
	74	1	-300.7247485	3.531500143	0	0	12	1.088432277	4.84053043	345	1	1.1	0.9;
	75	1	12.47697028	6.953153129	0	0	10	1.076548721	-0.09552287	154	1	1.1	0.9;
	76	1	16.19227771	9.447857539	0	0	10	1.07159866	-0.820197293	154	1	1.1	0.9;
	77	1	61.03879284	7.534178308	0	0	10	1.0776123	0.042534929	154	1	1.1	0.9;
	78	2	598.3448537	61.85057754	0	0	10	1.072873219	-1.851514039	154	1	1.1	0.9;
	79	2	831.3112478	86.87353744	0	0	10	1.073622369	2.874283942	345	1	1.1	0.9;
	80	1	509.8167988	51.94988202	0	0	10	1.080027065	0.473041052	154	1	1.1	0.9;
	81	1	26.54268288	3.118348337	0	0	10	1.077177525	-0.124398794	154	1	1.1	0.9;
	82	1	149.2319298	23.73256606	0	0	10	1.076213922	-0.579920272	154	1	1.1	0.9;
	83	1	88.61860035	9.263372415	0	0	10	1.08005302	-0.25839823	154	1	1.1	0.9;
	84	1	170.531737	18.43675455	0	0	10	1.076313736	-0.666563786	154	1	1.1	0.9;
	85	1	61.92760228	12.73974214	0	0	10	1.076454783	-0.419263174	154	1	1.1	0.9;
	86	1	10.28567716	5.452349914	0	0	10	1.075328665	0.117262217	154	1	1.1	0.9;
	87	1	401.0614883	40.93620837	0	0	10	1.077931636	-0.06955781	154	1	1.1	0.9;
	88	2	219.3608261	38.1307254	0	0	10	1.073999207	0.827631441	345	1	1.1	0.9;
	89	1	-73.68627371	5.784621706	0	0	10	1.077613882	-0.19963395	154	1	1.1	0.9;
	90	2	2495.126062	252.3145989	0	0	10	1.070041667	-2.1677002	345	1	1.1	0.9;
	91	2	32.41228162	14.64174626	0	0	9	1.081957172	2.22085261	154	1	1.1	0.9;
	92	1	108.8802643	21.20138383	0	0	10	1.078740306	0.882374643	345	1	1.1	0.9;
	93	1	174.3515285	19.41071613	0	0	10	1.06751588	-2.240911313	154	1	1.1	0.9;
	94	1	99.69485533	11.186309	0	0	10	1.076850296	-0.173008987	154	1	1.1	0.9;
	95	1	36.16800013	6.689314029	0	0	10	1.075704643	-0.099767157	154	1	1.1	0.9;
	96	1	45.22771901	6.248822241	0	0	10	1.075515396	-0.780873413	154	1	1.1	0.9;
	97	1	54.67403112	7.320707655	0	0	10	1.075747482	-0.585432991	154	1	1.1	0.9;
	98	1	28.74160109	13.58410999	0	0	10	1.075214327	-0.343677772	154	1	1.1	0.9;
	99	1	32.04895391	9.260908691	0	0	10	1.079590477	0.427209744	345	1	1.1	0.9;
	100	1	812.0858895	81.33025956	0	0	2	1.091434827	-3.034978759	154	1	1.1	0.9;
	101	1	804.904324	80.72510276	0	0	1	1.091893314	-3.019647659	154	1	1.1	0.9;
	102	1	769.0242172	77.28499942	0	0	2	1.092583782	-2.83082351	154	1	1.1	0.9;
	103	1	511.860917	51.39334699	0	0	2	1.09155549	-3.014308977	154	1	1.1	0.9;
